-32.605920   0.000000   0.000000   0.000000   0.000000   0.000000   0.000000
-32.415161   0.000000   0.000000   0.000000   0.000000   0.000000   0.000000
-32.228994   0.000000   0.000000   0.000000   0.000000   0.000000   0.000000
-32.045126   0.000000   0.000000   0.000000   0.000000   0.000000   0.000000
-31.861798   0.000000   0.000000   0.000000   0.000000   0.000000   0.000000
-31.676651   0.000000   0.000000   0.000000   0.000000   0.000000   0.000000
-31.485597   0.000000   0.000000   0.000000   0.000000   0.000000   0.000000
-31.284220   0.000000   0.000000   0.000000   0.000000   0.000000   0.000001
-31.067591   0.000000   0.000000   0.000000   0.000000   0.000000   0.000002
-30.830323   0.000000   0.000000   0.000000   0.000000   0.000001   0.000004
-30.568653   0.000000   0.000000   0.000000   0.000001   0.000001   0.000008
-30.280187   0.000000   0.000001   0.000001   0.000001   0.000003   0.000015
-29.965987   0.000001   0.000001   0.000002   0.000003   0.000005   0.000028
-29.628629   0.000002   0.000002   0.000003   0.000005   0.000010   0.000053
-29.273977   0.000003   0.000004   0.000006   0.000009   0.000019   0.000098
-28.907666   0.000006   0.000008   0.000011   0.000017   0.000036   0.000182
-28.534878   0.000012   0.000015   0.000021   0.000033   0.000067   0.000336
-28.160588   0.000022   0.000028   0.000039   0.000060   0.000124   0.000615
-27.787907   0.000041   0.000053   0.000073   0.000112   0.000229   0.001116
-27.420528   0.000075   0.000097   0.000134   0.000205   0.000418   0.001996
-27.059365   0.000136   0.000175   0.000242   0.000369   0.000750   0.003491
-26.705667   0.000242   0.000311   0.000429   0.000654   0.001318   0.005943
-26.359988   0.000420   0.000539   0.000742   0.001127   0.002253   0.009759
-26.022017   0.000708   0.000908   0.001248   0.001887   0.003731   0.015366
-25.692409   0.001159   0.001483   0.002032   0.003055   0.005960   0.023041
-25.370129   0.001837   0.002345   0.003201   0.004782   0.009173   0.032787
-25.054387   0.002824   0.003594   0.004882   0.007234   0.013593   0.044086
-24.745223   0.004216   0.005346   0.007215   0.010590   0.019400   0.055891
-24.441194   0.006099   0.007702   0.010327   0.014968   0.026584   0.066365
-24.141996   0.008574   0.010766   0.014306   0.020433   0.034965   0.073649
-23.846812   0.011720   0.014620   0.019231   0.026980   0.044159   0.076247
-23.554320   0.015636   0.019355   0.025142   0.034530   0.053585   0.073775
-23.264503   0.020437   0.025062   0.032068   0.042949   0.062609   0.066987
-22.976361   0.026254   0.031836   0.040024   0.052021   0.070496   0.057548
-22.688277   0.033224   0.039771   0.048957   0.061425   0.076468   0.047478
-22.399762   0.041509   0.048875   0.058721   0.070642   0.079767   0.038184
-22.110162   0.051101   0.059092   0.068902   0.079005   0.079963   0.030640
-21.817177   0.062103   0.070216   0.079113   0.085745   0.076834   0.025159
-21.519807   0.074291   0.081854   0.088552   0.089954   0.070810   0.021658
-21.216131   0.087439   0.093360   0.096328   0.091012   0.062723   0.019850
-20.903835   0.100740   0.103695   0.101356   0.088332   0.053756   0.019172
-20.579522   0.113220   0.111610   0.102564   0.082033   0.045107   0.018886
-20.239815   0.123208   0.115571   0.099248   0.072919   0.037740   0.018295
-19.880073   0.128585   0.113995   0.091257   0.062312   0.032305   0.016968
-19.494096   0.126729   0.105765   0.079406   0.051834   0.029209   0.014781
-19.072961   0.115757   0.091392   0.065819   0.043091   0.028694   0.011885
-18.603874   0.095892   0.073248   0.052812   0.037466   0.029843   0.008443
-18.052054   0.070621   0.054841   0.042942   0.035712   0.029552   0.004513
-17.345260   0.044142   0.038332   0.034708   0.030687   0.021912   0.001077
-17.192358   0.048490   0.043233   0.039710   0.034739   0.023890   0.000672
-17.033024   0.036848   0.033612   0.031005   0.026622   0.017592   0.000324
-16.867456   0.040104   0.037124   0.034119   0.028623   0.018187   0.000203
-16.695184   0.029891   0.027843   0.025298   0.020681   0.012636   0.000078
-16.516550   0.032813   0.030465   0.027237   0.021686   0.012709   0.000039
-16.330814   0.022443   0.020650   0.018106   0.014037   0.007861   0.000010
-16.139309   0.022881   0.020756   0.017823   0.013466   0.007156   0.000003
-15.942484   0.014187   0.012655   0.010656   0.007842   0.003913   0.000001
-15.741265   0.013925   0.012205   0.010067   0.007214   0.003329   0.000000
-15.537023   0.007025   0.006054   0.004900   0.003408   0.001422   0.000000
-15.330395   0.005843   0.004952   0.003928   0.002634   0.000972   0.000000
-15.122629   0.002417   0.002017   0.001565   0.001002   0.000317   0.000000
-14.914954   0.001873   0.001536   0.001160   0.000701   0.000184   0.000000
-14.708942   0.000524   0.000422   0.000308   0.000173   0.000036   0.000000
-14.506334   0.000300   0.000236   0.000165   0.000084   0.000014   0.000000
-14.308389   0.000059   0.000045   0.000030   0.000014   0.000002   0.000000
-14.116308   0.000029   0.000021   0.000013   0.000005   0.000000   0.000000
-13.930188   0.000003   0.000002   0.000001   0.000000   0.000000   0.000000
-13.749264   0.000001   0.000001   0.000000   0.000000   0.000000   0.000000
-13.574132   0.000000   0.000000   0.000000   0.000000   0.000000   0.000000
-13.404184   0.000000   0.000000   0.000000   0.000000   0.000000   0.000000
-13.238815   0.000000   0.000000   0.000000   0.000000   0.000000   0.000000
-13.076869   0.000000   0.000000   0.000000   0.000000   0.000000   0.000000
-12.917544   0.000000   0.000000   0.000000   0.000000   0.000000   0.000000
-12.759405   0.000000   0.000000   0.000000   0.000000   0.000000   0.000000
-12.600824   0.000000   0.000000   0.000000   0.000000   0.000000   0.000000
-12.441457   0.000000   0.000000   0.000000   0.000000   0.000000   0.000000
-12.280801   0.000000   0.000000   0.000000   0.000000   0.000000   0.000000
-12.118844   0.000000   0.000000   0.000000   0.000000   0.000000   0.000000
-11.955849   0.000000   0.000000   0.000000   0.000000   0.000000   0.000000
-11.791445   0.000000   0.000000   0.000000   0.000000   0.000000   0.000000
-11.626037   0.000000   0.000000   0.000000   0.000000   0.000000   0.000000
-11.459595   0.000000   0.000000   0.000000   0.000000   0.000000   0.000000
-11.291723   0.000000   0.000000   0.000000   0.000000   0.000000   0.000000
-11.123344   0.000000   0.000000   0.000000   0.000000   0.000000   0.000000
-10.281756   0.000000   0.000000   0.000000   0.000000   0.000000   0.000000
 -9.485965   0.000000   0.000000   0.000000   0.000000   0.000000   0.000000
 -8.771986   0.000000   0.000000   0.000000   0.000000   0.000000   0.000000
 -8.142205   0.000000   0.000000   0.000000   0.000000   0.000000   0.000000
 -7.561366   0.000000   0.000000   0.000000   0.000000   0.000000   0.000000
 -6.970526   0.000000   0.000000   0.000000   0.000000   0.000000   0.000000
 -6.344355   0.000000   0.000000   0.000000   0.000000   0.000000   0.000000
 -5.678385   0.000000   0.000000   0.000000   0.000000   0.000000   0.000000
 -4.957663   0.000000   0.000000   0.000000   0.000000   0.000000   0.000000
 -4.171964   0.000000   0.000000   0.000000   0.000000   0.000000   0.000000
 -3.365058   0.000000   0.000000   0.000000   0.000000   0.000000   0.000000
 -2.510613   0.000000   0.000000   0.000000   0.000000   0.000000   0.000000
 -1.633731   0.000000   0.000000   0.000000   0.000000   0.000000   0.000000
 -1.024962   0.000000   0.000000   0.000000   0.000000   0.000000   0.000000
 -0.500621   0.000000   0.000000   0.000000   0.000000   0.000000   0.000000
  0.000010   0.000000   0.000000   0.000000   0.000000   0.000000   0.000000
